1.001 11.578
1.002 6.106
1.003 2.59
1.004 2.04
1.005 3.46
1.006 2.832
1.007 2.871
1.008 3.584
1.009 1.717
1.01 0.93
1.011 3.136
1.012 0.248
1.013 2.684
1.014 0.59
1.015 0.455
1.016 1.464
1.017 2.437
1.018 3.752
1.019 2.237
1.02 0.98
1.021 4.241
1.022 0.63
1.023 0.358
1.024 0.048
1.025 1.75
1.026 2.392
1.027 2.998
1.028 2.54
1.029 0.014
1.03 0.55
1.031 0.938
1.032 2.768
1.033 0.32
1.034 1.062
1.035 2.765
1.036 0.616
1.037 0.856
1.038 1.016
1.039 1.889
1.04 1.76
1.041 6.872
1.042 1.61
1.043 2.583
1.044 2.648
1.045 2.525
1.046 2.442
1.047 3.37
1.048 0.072
1.049 1.977
1.05 0.7
1.051 0.436
1.052 0.916
1.053 2.959
1.054 1.626
1.055 4.295
1.056 1.424
1.057 1.904
1.058 3.928
1.059 4.031
1.06 0.38
1.061 0.06
1.062 0.466
1.063 2.964
1.064 0.112
1.065 1.48
1.066 2.514
1.067 0.919
1.068 3.152
1.069 2.989
1.07 2.49
1.071 3.836
1.072 1.632
1.073 0.531
1.074 1.61
1.075 1.65
1.076 1.504
1.077 2.476
1.078 3.416
1.079 2.166
1.08 0.2
1.081 2.801
1.082 2.882
1.083 3.304
1.084 0.796
1.085 0.42
1.086 4.354
1.087 1.521
1.088 2.352
1.089 0.335
1.09 0.88
1.091 1.459
1.092 4.48
1.093 0.533
1.094 0.118
1.095 1.36
1.096 0.616
1.097 0.935
1.098 3.418
1.099 1.477
1.1 4.9
1.101 4.715
1.102 1.256
1.103 0.029
1.104 4.48
1.105 6.755
1.106 4.27
1.107 4.277
1.108 3.44
1.109 1.158
1.11 3.28
1.111 5.374
1.112 1.88
1.113 0.539
1.114 0.348
1.115 1.025
1.116 0.916
1.117 4.99
1.118 2.478
1.119 2.381
1.12 0.56
1.121 6.838
1.122 3.734
1.123 2.003
1.124 2.548
1.125 1.375
1.126 1.482
1.127 3.248
1.128 3.976
1.129 1.021
1.13 0.29
1.131 5.182
1.132 3.26
1.133 0.171
1.134 0.686
1.135 0.44
1.136 4.32
1.137 0.038
1.138 0.118
1.139 4.8
1.14 0.34
1.141 6.111
1.142 7.294
1.143 9.839
1.144 3.008
1.145 3.065
1.146 2.006
1.147 3.269
1.148 3.472
1.149 2.444
1.15 3.8
1.151 0.584
1.152 2.608
1.153 1.164
1.154 6.082
1.155 5.285
1.156 1.048
1.157 0.304
1.158 3.062
1.159 3.418
1.16 4.08
1.161 2.392
1.162 1.834
1.163 1.08
1.164 0.536
1.165 5.805
1.166 2.8
1.167 6.763
1.168 0.192
1.169 4.081
1.17 3.71
1.171 0.146
1.172 3.052
1.173 4.273
1.174 3.364
1.175 0.075
1.176 3.248
1.177 1.897
1.178 0.572
1.179 1.631
1.18 3.9
1.181 4.428
1.182 1.442
1.183 7.35
1.184 2.64
1.185 0.865
1.186 0.396
1.187 5.435
1.188 1.744
1.189 5.548
1.19 1.4
1.191 0.005
1.192 6.208
1.193 4.098
1.194 1.57
1.195 2.44
1.196 0.892
1.197 4.102
1.198 1.096
1.199 2.733
1.2 2.8
1.201 1.293
1.202 0.612
1.203 8.378
1.204 0.532
1.205 0.07
1.206 1.852
1.207 2.425
1.208 1.72
1.209 3.427
1.21 5.11
1.211 1.708
1.212 2.344
1.213 5.754
1.214 7.822
1.215 7.49
1.216 0.112
1.217 0.398
1.218 5.432
1.219 5.203
1.22 1.1
1.221 1.282
1.222 0.216
1.223 10.129
1.224 2.0
1.225 2.975
1.226 3.102
1.227 6.761
1.228 1.828
1.229 1.802
1.23 4.4
1.231 0.79
1.232 2.8
1.233 2.261
1.234 4.888
1.235 1.37
1.236 0.892
1.237 5.606
1.238 2.874
1.239 1.127
1.24 3.92
1.241 1.944
1.242 2.144
1.243 1.194
1.244 7.0
1.245 1.585
1.246 3.864
1.247 1.876
1.248 1.136
1.249 1.68
1.25 2.75
1.251 2.158
1.252 7.224
1.253 4.116
1.254 4.79
1.255 0.785
1.256 2.448
1.257 0.683
1.258 1.06
1.259 1.522
1.26 4.48
1.261 2.374
1.262 3.546
1.263 1.922
1.264 2.208
1.265 3.8
1.266 4.084
1.267 1.981
1.268 3.008
1.269 4.061
1.27 0.06
1.271 1.161
1.272 0.256
1.273 4.197
1.274 0.476
1.275 0.725
1.276 0.6
1.277 0.626
1.278 1.928
1.279 5.789
1.28 3.28
1.281 7.196
1.282 0.886
1.283 4.127
1.284 5.272
1.285 1.255
1.286 2.792
1.287 2.14
1.288 1.96
1.289 0.355
1.29 2.65
1.291 1.052
1.292 3.156
1.293 0.364
1.294 3.898
1.295 3.01
1.296 1.744
1.297 2.597
1.298 0.82
1.299 1.621
1.3 6.3
1.301 0.555
1.302 2.59
1.303 3.213
1.304 1.224
1.305 0.745
1.306 5.306
1.307 3.316
1.308 1.316
1.309 0.742
1.31 6.74
1.311 2.282
1.312 0.464
1.313 5.273
1.314 0.83
1.315 1.705
1.316 2.604
1.317 1.741
1.318 0.798
1.319 1.488
1.32 1.48
1.321 2.175
1.322 0.752
1.323 6.923
1.324 1.392
1.325 2.5
1.326 1.672
1.327 4.501
1.328 0.672
1.329 7.172
1.33 5.74
1.331 1.666
1.332 2.392
1.333 6.434
1.334 0.212
1.335 3.79
1.336 1.096
1.337 5.061
1.338 1.694
1.339 0.447
1.34 0.78
1.341 3.328
1.342 3.174
1.343 1.031
1.344 2.8
1.345 3.925
1.346 3.684
1.347 0.727
1.348 0.908
1.349 6.876
1.35 2.5
1.351 4.606
1.352 0.424
1.353 1.381
1.354 3.098
1.355 0.525
1.356 2.648
1.357 1.776
1.358 1.792
1.359 1.267
1.36 3.44
1.361 3.932
1.362 3.164
1.363 0.31
1.364 3.768
1.365 5.845
1.366 4.39
1.367 3.725
1.368 0.344
1.369 0.283
1.37 5.0
1.371 2.848
1.372 4.816
1.373 0.155
1.374 2.378
1.375 0.875
1.376 4.144
1.377 5.06
1.378 0.892
1.379 1.442
1.38 1.04
1.381 3.42
1.382 0.296
1.383 1.337
1.384 7.288
1.385 0.715
1.386 3.206
1.387 4.334
1.388 2.844
1.389 4.456
1.39 4.66
1.391 0.72
1.392 6.4
1.393 1.813
1.394 1.694
1.395 1.195
1.396 4.308
1.397 2.854
1.398 1.418
1.399 1.399
1.4 1.4
1.401 5.624
1.402 7.07
1.403 5.732
1.404 5.416
1.405 5.32
1.406 0.986
1.407 3.661
1.408 3.504
1.409 3.327
1.41 1.1
1.411 2.731
1.412 0.148
1.413 6.658
1.414 4.97
1.415 4.675
1.416 2.944
1.417 1.191
1.418 4.838
1.419 6.638
1.42 0.06
1.421 3.199
1.422 3.638
1.423 2.674
1.424 5.392
1.425 7.75
1.426 0.11
1.427 1.852
1.428 0.98
1.429 4.413
1.43 0.71
1.431 7.252
1.432 0.536
1.433 4.543
1.434 5.308
1.435 6.055
1.436 0.396
1.437 0.31
1.438 1.878
1.439 1.21
1.44 2.32
1.441 1.513
1.442 0.686
1.443 7.376
1.444 5.36
1.445 0.47
1.446 1.376
1.447 0.855
1.448 0.352
1.449 0.133
1.45 4.95
1.451 6.853
1.452 4.384
1.453 3.346
1.454 0.834
1.455 1.21
1.456 1.568
1.457 6.279
1.458 2.144
1.459 3.302
1.46 4.48
1.461 2.756
1.462 1.048
1.463 3.745
1.464 0.856
1.465 3.345
1.466 1.226
1.467 2.851
1.468 2.992
1.469 6.053
1.47 3.22
1.471 1.836
1.472 3.984
1.473 0.992
1.474 3.46
1.475 6.425
1.476 2.432
1.477 6.405
1.478 7.846
1.479 3.355
1.48 1.8
1.481 5.699
1.482 8.78
1.483 1.502
1.484 1.652
1.485 1.82
1.486 2.006
1.487 2.251
1.488 3.52
1.489 1.795
1.49 0.05
1.491 7.679
1.492 6.484
1.493 0.667
1.494 1.154
1.495 1.49
1.496 1.128
1.497 0.748
1.498 0.35
1.499 1.433
1.5 7.0
1.501 5.052
1.502 3.084
1.503 1.096
1.504 3.6
1.505 1.575
1.506 0.47
1.507 4.042
1.508 0.096
1.509 3.838
1.51 1.72
1.511 1.929
1.512 0.448
1.513 0.215
1.514 2.41
1.515 0.08
1.516 0.72
1.517 3.047
1.518 2.282
1.519 3.052
1.52 5.36
1.521 4.646
1.522 3.662
1.523 4.349
1.524 1.972
1.525 2.625
1.526 4.788
1.527 5.41
1.528 4.488
1.529 2.568
1.53 9.65
1.531 10.634
1.532 2.444
1.533 0.392
1.534 6.248
1.535 2.135
1.536 0.464
1.537 1.528
1.538 4.184
1.539 2.225
1.54 1.82
1.541 1.651
1.542 3.568
1.543 2.244
1.544 3.448
1.545 3.055
1.546 9.55
1.547 12.943
1.548 0.844
1.549 1.105
1.55 1.75
1.551 1.579
1.552 1.792
1.553 1.989
1.554 8.708
1.555 3.885
1.556 0.928
1.557 1.06
1.558 2.734
1.559 1.842
1.56 1.36
1.561 4.816
1.562 3.042
1.563 4.642
1.564 1.592
1.565 1.54
1.566 3.094
1.567 1.5
1.568 4.592
1.569 2.965
1.57 1.82
1.571 1.914
1.572 1.12
1.573 2.15
1.574 2.292
1.575 0.875
1.576 2.104
1.577 6.648
1.578 8.026
1.579 3.074
1.58 8.22
1.581 3.734
1.582 2.324
1.583 0.459
1.584 4.912
1.585 4.6
1.586 4.272
1.587 2.341
1.588 2.784
1.589 3.192
1.59 0.38
1.591 0.801
1.592 5.152
1.593 4.714
1.594 4.26
1.595 3.79
1.596 1.708
1.597 5.996
1.598 7.078
1.599 8.146
1.6 14.0
1.601 4.169
1.602 7.958
1.603 2.149
1.604 2.048
1.605 0.185
1.606 0.83
1.607 3.098
1.608 3.776
1.609 2.861
1.61 5.18
1.611 2.684
1.612 1.412
1.613 0.659
1.614 4.952
1.615 0.895
1.616 4.928
1.617 2.513
1.618 3.126
1.619 0.662
1.62 1.42
1.621 2.699
1.622 6.838
1.623 1.259
1.624 7.056
1.625 4.75
1.626 4.082
1.627 5.055
1.628 2.788
1.629 2.162
1.63 1.71
1.631 3.941
1.632 9.424
1.633 10.0
1.634 4.026
1.635 3.605
1.636 4.716
1.637 2.569
1.638 3.71
1.639 6.506
1.64 4.4
1.641 3.947
1.642 0.224
1.643 0.203
1.644 0.616
1.645 0.63
1.646 3.538
1.647 3.17
1.648 1.168
1.649 2.471
1.65 2.15
1.651 1.838
1.652 1.54
1.653 0.397
1.654 3.976
1.655 0.925
1.656 2.824
1.657 3.574
1.658 1.704
1.659 1.813
1.66 1.32
1.661 2.81
1.662 7.64
1.663 0.849
1.664 7.376
1.665 5.6
1.666 3.836
1.667 4.584
1.668 8.684
1.669 6.961
1.67 1.91
1.671 1.88
1.672 3.152
1.673 4.83
1.674 0.2
1.675 8.15
1.676 13.144
1.677 3.037
1.678 4.65
1.679 4.572
1.68 1.12
1.681 0.669
1.682 5.936
1.683 0.929
1.684 4.448
1.685 6.3
1.686 1.948
1.687 1.757
1.688 1.552
1.689 1.333
1.69 1.1
1.691 2.544
1.692 0.592
1.693 3.069
1.694 1.666
1.695 5.36
1.696 5.68
1.697 6.014
1.698 2.966
1.699 1.627
1.7 1.4
1.701 1.015
1.702 2.788
1.703 1.5
1.704 3.632
1.705 0.665
1.706 0.586
1.707 1.589
1.708 2.072
1.709 4.278
1.71 3.08
1.711 4.95
1.712 4.416
1.713 3.868
1.714 0.122
1.715 2.415
1.716 3.008
1.717 7.049
1.718 2.518
1.719 1.433
1.72 1.36
1.721 0.701
1.722 5.138
1.723 0.659
1.724 3.084
1.725 3.8
1.726 2.804
1.727 3.547
1.728 0.848
1.729 0.112
1.73 7.59
1.731 3.197
1.732 7.472
1.733 1.367
1.734 2.998
1.735 3.885
1.736 8.232
1.737 5.623
1.738 1.26
1.739 0.357
1.74 5.78
1.741 1.491
1.742 1.048
1.743 1.652
1.744 6.096
1.745 0.12
1.746 4.12
1.747 0.383
1.748 8.4
1.749 2.447
1.75 1.75
1.751 0.686
1.752 6.616
1.753 5.528
1.754 4.426
1.755 5.065
1.756 4.844
1.757 4.55
1.758 5.152
1.759 0.465
1.76 7.76
1.761 7.202
1.762 4.894
1.763 2.596
1.764 5.6
1.765 1.56
1.766 2.472
1.767 0.572
1.768 1.864
1.769 2.137
1.77 6.26
1.771 1.26
1.772 1.856
1.773 1.442
1.774 1.04
1.775 2.9
1.776 8.608
1.777 3.648
1.778 1.33
1.779 4.348
1.78 1.12
1.781 1.438
1.782 1.744
1.783 3.821
1.784 4.104
1.785 0.805
1.786 2.848
1.787 4.054
1.788 3.824
1.789 1.761
1.79 3.4
1.791 10.37
1.792 1.232
1.793 2.854
1.794 2.696
1.795 2.55
1.796 4.212
1.797 9.482
1.798 5.78
1.799 1.512
1.8 7.0
1.801 1.676
1.802 1.74
1.803 3.617
1.804 3.58
1.805 1.86
1.806 3.682
1.807 3.541
1.808 1.872
1.809 0.043
1.81 3.61
1.811 1.846
1.812 3.532
1.813 7.091
1.814 2.056
1.815 3.965
1.816 2.256
1.817 4.191
1.818 0.686
1.819 0.992
1.82 2.66
1.821 4.318
1.822 7.788
1.823 1.511
1.824 0.112
1.825 1.925
1.826 0.324
1.827 0.56
1.828 2.848
1.829 4.726
1.83 6.83
1.831 8.948
1.832 5.584
1.833 4.061
1.834 1.12
1.835 0.79
1.836 2.284
1.837 7.254
1.838 2.11
1.839 1.189
1.84 2.64
1.841 1.442
1.842 7.382
1.843 7.811
1.844 8.252
1.845 0.52
1.846 0.06
1.847 1.435
1.848 2.8
1.849 2.306
1.85 3.75
1.851 6.122
1.852 0.752
1.853 2.063
1.854 7.072
1.855 2.765
1.856 5.2
1.857 3.935
1.858 6.396
1.859 3.294
1.86 0.2
1.861 2.886
1.862 3.346
1.863 1.582
1.864 0.912
1.865 3.96
1.866 2.33
1.867 2.564
1.868 7.452
1.869 4.858
1.87 2.25
1.871 2.243
1.872 2.608
1.873 5.658
1.874 10.196
1.875 5.375
1.876 6.188
1.877 0.495
1.878 0.338
1.879 4.454
1.88 0.16
1.881 4.79
1.882 1.908
1.883 0.917
1.884 1.948
1.885 1.035
1.886 0.11
1.887 2.947
1.888 7.664
1.889 10.486
1.89 1.96
1.891 4.76
1.892 0.016
1.893 0.871
1.894 3.642
1.895 0.72
1.896 1.576
1.897 6.216
1.898 8.952
1.899 0.286
1.9 3.0
1.901 1.898
1.902 1.106
1.903 1.579
1.904 4.256
1.905 0.695
1.906 3.868
1.907 2.704
1.908 2.288
1.909 1.569
1.91 1.05
1.911 5.894
1.912 9.032
1.913 10.271
1.914 3.866
1.915 3.21
1.916 8.312
1.917 3.845
1.918 7.056
1.919 2.605
1.92 2.0
1.921 2.437
1.922 8.79
1.923 5.524
1.924 2.244
1.925 2.975
1.926 5.272
1.927 1.955
1.928 0.552
1.929 4.924
1.93 1.57
1.931 5.926
1.932 1.316
1.933 2.777
1.934 4.25
1.935 1.865
1.936 0.512
1.937 4.818
1.938 0.572
1.939 4.039
1.94 5.58
1.941 2.572
1.942 2.954
1.943 5.269
1.944 2.144
1.945 1.795
1.946 1.456
1.947 3.074
1.948 6.652
1.949 2.448
1.95 2.15
1.951 2.04
1.952 0.368
1.953 0.637
1.954 4.804
1.955 5.055
1.956 3.34
1.957 1.613
1.958 3.79
1.959 1.877
1.96 3.64
1.961 3.454
1.962 3.278
1.963 2.777
1.964 4.9
1.965 3.085
1.966 1.258
1.967 2.548
1.968 1.504
1.969 2.326
1.97 6.17
1.971 3.769
1.972 0.096
1.973 0.029
1.974 2.002
1.975 2.05
1.976 4.064
1.977 2.116
1.978 2.134
1.979 1.816
1.98 0.16
1.981 5.796
1.982 3.84
1.983 1.892
1.984 2.032
1.985 1.99
1.986 4.04
1.987 0.141
1.988 1.764
1.989 1.672
1.99 4.4
1.991 3.449
1.992 0.656
1.993 0.789
1.994 5.05
1.995 2.905
1.996 1.248
1.997 4.57
1.998 10.384
1.999 20.192
2.0 30.0
2.001 20.222
2.002 10.444
2.003 4.672
2.004 1.096
2.005 1.16
2.006 5.434
2.007 0.313
2.008 2.04
2.009 2.268
2.01 3.46
2.011 2.882
2.012 3.204
2.013 0.49
2.014 6.192
2.015 3.83
2.016 0.56
2.017 0.93
2.018 2.726
2.019 4.357
2.02 3.96
2.021 3.553
2.022 4.952
2.023 3.36
2.024 5.824
2.025 6.275
2.026 6.736
2.027 1.126
2.028 2.452
2.029 0.063
2.03 2.59
2.031 7.057
2.032 2.48
2.033 0.078
2.034 1.42
2.035 0.875
2.036 1.716
2.037 6.356
2.038 4.896
2.039 0.634
2.04 2.0
2.041 5.559
2.042 0.864
2.043 2.284
2.044 4.48
2.045 1.035
2.046 3.734
2.047 4.398
2.048 5.072
2.049 1.658
2.05 0.3
2.051 3.052
2.052 0.34
2.053 1.673
2.054 2.998
2.055 8.425
2.056 3.568
2.057 0.754
2.058 2.044
2.059 3.326
2.06 3.64
2.061 2.378
2.062 3.186
2.063 0.122
2.064 3.424
2.065 2.59
2.066 0.32
2.067 3.242
2.068 2.04
2.069 1.223
2.07 0.34
2.071 0.553
2.072 4.76
2.073 0.296
2.074 0.856
2.075 4.225
2.076 9.32
2.077 4.044
2.078 0.85
2.079 0.259
2.08 4.88
2.081 2.453
2.082 2.708
2.083 1.634
2.084 4.736
2.085 7.85
2.086 0.546
2.087 2.582
2.088 1.528
2.089 4.642
2.09 3.57
2.091 4.579
2.092 7.672
2.093 4.48
2.094 3.37
2.095 8.535
2.096 11.6
2.097 12.562
2.098 5.124
2.099 0.231
2.1 0.7
2.101 5.825
2.102 3.768
2.103 9.173
2.104 1.968
2.105 1.025
2.106 2.306
2.107 3.542
2.108 1.536
2.109 0.283
2.11 3.24
2.111 4.364
2.112 1.424
2.113 9.055
2.114 12.474
2.115 5.33
2.116 2.42
2.117 1.633
2.118 0.854
2.119 6.44
2.12 1.44
2.121 0.686
2.122 2.062
2.123 3.448
2.124 2.72
2.125 10.5
2.126 5.54
2.127 2.711
2.128 2.016
2.129 1.329
2.13 0.65
2.131 2.152
2.132 3.58
2.133 5.605
2.134 1.986
2.135 6.895
2.136 3.256
2.137 2.532
2.138 4.058
2.139 1.316
2.14 0.72
2.141 2.009
2.142 11.158
2.143 7.449
2.144 12.304
2.145 6.43
2.146 2.688
2.147 1.066
2.148 1.612
2.149 0.014
2.15 3.8
2.151 5.447
2.152 7.104
2.153 4.465
2.154 1.832
2.155 0.795
2.156 5.208
2.157 4.754
2.158 2.15
2.159 1.711
2.16 3.04
2.161 5.179
2.162 2.604
2.163 2.128
2.164 2.528
2.165 9.415
2.166 5.47
2.167 5.847
2.168 6.216
2.169 6.577
2.17 1.75
2.171 7.922
2.172 3.248
2.173 5.097
2.174 1.74
2.175 6.4
2.176 2.352
2.177 0.469
2.178 1.424
2.179 1.148
2.18 3.06
2.181 2.801
2.182 0.368
2.183 0.124
2.184 2.296
2.185 6.895
2.186 9.304
2.187 5.146
2.188 7.54
2.189 1.172
2.19 0.83
2.191 1.54
2.192 0.48
2.193 1.876
2.194 8.614
2.195 4.375
2.196 2.072
2.197 0.255
2.198 4.018
2.199 1.706
2.2 0.6
2.201 5.101
2.202 7.396
2.203 7.482
2.204 7.56
2.205 5.425
2.206 3.28
2.207 5.539
2.208 1.04
2.209 1.006
2.21 1.23
2.211 1.249
2.212 1.26
2.213 3.476
2.214 1.258
2.215 1.245
2.216 3.208
2.217 9.89
2.218 5.496
2.219 1.113
2.22 3.38
2.221 1.222
2.222 3.152
2.223 0.853
2.224 5.216
2.225 5.125
2.226 7.252
2.227 4.919
2.228 9.26
2.229 0.223
2.23 8.83
2.231 8.975
2.232 2.432
2.233 4.109
2.234 1.712
2.235 3.775
2.236 0.876
2.237 7.776
2.238 1.262
2.239 3.011
2.24 7.28
2.241 4.142
2.242 4.372
2.243 2.367
2.244 6.364
2.245 6.115
2.246 3.612
2.247 1.148
2.248 3.672
2.249 10.704
2.25 8.75
2.251 2.3
2.252 2.608
2.253 6.088
2.254 8.022
2.255 12.205
2.256 7.36
2.257 4.76
2.258 2.15
2.259 1.789
2.26 0.84
2.261 3.304
2.262 0.658
2.263 4.791
2.264 13.448
2.265 13.045
2.266 3.57
2.267 3.654
2.268 0.448
2.269 4.546
2.27 1.83
2.271 5.917
2.272 3.184
2.273 4.105
2.274 2.312
2.275 2.8
2.276 7.848
2.277 6.077
2.278 4.312
2.279 0.274
2.28 1.48
2.281 1.334
2.282 1.876
2.283 6.992
2.284 2.984
2.285 1.02
2.286 4.124
2.287 4.706
2.288 7.584
2.289 8.183
2.29 6.5
2.291 4.823
2.292 1.432
2.293 0.806
2.294 2.466
2.295 1.825
2.296 1.12
2.297 1.778
2.298 2.152
2.299 6.078
2.3 0.8
2.301 2.189
2.302 4.02
2.303 1.015
2.304 2.0
2.305 0.415
2.306 3.448
2.307 0.43
2.308 1.996
2.309 5.865
2.31 7.42
2.311 4.347
2.312 3.576
2.313 7.423
2.314 11.266
2.315 3.53
2.316 11.992
2.317 4.235
2.318 5.854
2.319 9.002
2.32 2.88
2.321 6.044
2.322 0.07
2.323 3.859
2.324 1.652
2.325 4.85
2.326 5.732
2.327 4.295
2.328 5.192
2.329 13.084
2.33 7.01
2.331 3.269
2.332 1.864
2.333 5.131
2.334 3.262
2.335 2.315
2.336 3.696
2.337 9.745
2.338 6.44
2.339 1.553
2.34 4.48
2.341 3.535
2.342 2.196
2.343 10.235
2.344 8.912
2.345 0.56
2.346 3.1
2.347 0.285
2.348 1.016
2.349 0.038
2.35 1.25
2.351 4.883
2.352 10.864
2.353 1.981
2.354 5.428
2.355 1.82
2.356 5.284
2.357 11.115
2.358 9.884
2.359 8.659
2.36 7.44
2.361 8.588
2.362 2.658
2.363 1.456
2.364 0.26
2.365 5.66
2.366 11.578
2.367 5.659
2.368 4.464
2.369 5.63
2.37 6.79
2.371 5.573
2.372 5.14
2.373 1.631
2.374 1.874
2.375 0.625
2.376 1.744
2.377 0.48
2.378 6.342
2.379 2.686
2.38 1.4
2.381 2.487
2.382 5.95
2.383 0.123
2.384 1.44
2.385 6.775
2.386 0.674
2.387 0.665
2.388 2.764
2.389 0.978
2.39 2.44
2.391 3.463
2.392 2.088
2.393 5.491
2.394 6.496
2.395 9.89
2.396 1.3
2.397 7.078
2.398 3.262
2.399 1.835
2.4 10.0
2.401 3.759
2.402 2.494
2.403 6.356
2.404 5.42
2.405 6.895
2.406 10.784
2.407 2.648
2.408 0.672
2.409 3.988
2.41 4.89
2.411 8.197
2.412 6.676
2.413 2.734
2.414 3.61
2.415 0.35
2.416 2.928
2.417 3.466
2.418 2.618
2.419 0.643
2.42 1.48
2.421 0.11
2.422 3.136
2.423 3.955
2.424 0.08
2.425 5.575
2.426 6.376
2.427 0.11
2.428 4.18
2.429 0.973
2.43 0.2
2.431 5.429
2.432 6.192
2.433 4.516
2.434 7.7
2.435 1.14
2.436 6.748
2.437 9.917
2.438 10.644
2.439 6.487
2.44 2.32
2.441 3.025
2.442 3.602
2.443 4.417
2.444 2.66
2.445 1.55
2.446 8.216
2.447 2.659
2.448 6.896
2.449 3.796
2.45 3.15
2.451 4.961
2.452 4.328
2.453 3.701
2.454 1.828
2.455 4.9
2.456 1.856
2.457 1.204
2.458 0.656
2.459 4.853
2.46 7.9
2.461 8.482
2.462 6.596
2.463 4.702
2.464 0.336
2.465 1.575
2.466 10.892
2.467 2.954
2.468 4.984
2.469 3.046
2.47 3.84
2.471 0.854
2.472 2.816
2.473 4.786
2.474 4.29
2.475 6.275
2.476 3.316
2.477 5.315
2.478 9.8
2.479 16.774
2.48 16.32
2.481 10.91
2.482 10.466
2.483 2.579
2.484 2.824
2.485 6.685
2.486 6.264
2.487 8.336
2.488 5.44
2.489 5.037
2.49 0.34
2.491 5.715
2.492 3.612
2.493 0.992
2.494 4.37
2.495 9.73
2.496 10.096
2.497 12.953
2.498 5.814
2.499 8.834
2.5 1.0
2.501 6.834
2.502 7.162
2.503 12.49
2.504 10.304
2.505 13.12
2.506 13.426
2.507 6.205
2.508 6.496
2.509 6.781
2.51 9.57
2.511 12.355
2.512 0.064
2.513 5.348
2.514 0.574
2.515 0.82
2.516 3.972
2.517 1.223
2.518 0.996
2.519 1.744
2.52 4.48
2.521 12.254
2.522 9.94
2.523 7.618
2.524 2.764
2.525 2.1
2.526 1.922
2.527 1.75
2.528 1.584
2.529 3.953
2.53 6.33
2.531 3.653
2.532 0.98
2.533 0.844
2.534 1.82
2.535 7.015
2.536 4.6
2.537 2.897
2.538 0.254
2.539 0.154
2.54 2.6
2.541 2.513
2.542 0.11
2.543 2.729
2.544 7.888
2.545 2.865
2.546 5.47
2.547 0.43
2.548 5.572
2.549 8.163
2.55 5.65
2.551 3.129
2.552 0.6
2.553 4.49
2.554 4.482
2.555 1.925
2.556 4.484
2.557 1.937
2.558 3.164
2.559 0.586
2.56 8.24
2.561 13.333
2.562 5.614
2.563 8.135
2.564 10.652
2.565 8.035
2.566 10.542
2.567 10.478
2.568 2.432
2.569 2.513
2.57 5.11
2.571 10.162
2.572 4.924
2.573 7.395
2.574 12.436
2.575 4.6
2.576 0.672
2.577 3.377
2.578 6.09
2.579 6.232
2.58 16.7
2.581 9.115
2.582 14.44
2.583 14.609
2.584 9.616
2.585 7.21
2.586 7.394
2.587 4.997
2.588 0.016
2.589 2.374
2.59 4.76
2.591 4.551
2.592 4.336
2.593 9.301
2.594 14.264
2.595 8.845
2.596 8.608
2.597 8.365
2.598 8.116
2.599 5.262
2.6 7.6
2.601 2.131
2.602 7.06
2.603 11.987
2.604 1.316
2.605 0.995
2.606 3.302
2.607 5.605
2.608 5.296
2.609 4.981
2.61 2.05
2.611 0.889
2.612 1.224
2.613 1.565
2.614 0.702
2.615 0.35
2.616 0.008
2.617 2.989
2.618 5.978
2.619 6.356
2.62 1.12
2.621 5.975
2.622 8.206
2.623 10.433
2.624 4.784
2.625 9.625
2.626 1.334
2.627 3.539
2.628 3.112
2.629 7.937
2.63 0.39
2.631 4.426
2.632 1.344
2.633 7.012
2.634 2.21
2.635 0.045
2.636 2.116
2.637 1.636
2.638 1.15
2.639 5.936
2.64 10.72
2.641 2.985
2.642 4.43
2.643 11.845
2.644 3.396
2.645 5.515
2.646 0.308
2.647 1.8
2.648 6.688
2.649 4.592
2.65 0.15
2.651 0.412
2.652 1.672
2.653 1.099
2.654 3.174
2.655 5.375
2.656 0.656
2.657 1.404
2.658 0.802
2.659 8.171
2.66 4.9
2.661 12.265
2.662 14.306
2.663 0.365
2.664 7.72
2.665 12.41
2.666 17.098
2.667 20.888
2.668 13.552
2.669 16.892
2.67 9.56
2.671 10.241
2.672 10.928
2.673 14.294
2.674 14.994
2.675 10.35
2.676 5.708
2.677 3.745
2.678 1.786
2.679 2.51
2.68 5.92
2.681 3.976
2.682 4.718
2.683 8.149
2.684 6.22
2.685 1.61
2.686 5.06
2.687 8.518
2.688 6.608
2.689 10.08
2.69 10.87
2.691 8.975
2.692 1.7
2.693 2.882
2.694 3.314
2.695 1.26
2.696 5.832
2.697 2.311
2.698 3.916
2.699 4.755
2.7 0.2
2.701 4.353
2.702 3.5
2.703 2.641
2.704 3.632
2.705 4.505
2.706 10.796
2.707 11.683
2.708 12.576
2.709 10.766
2.71 6.25
2.711 1.736
2.712 5.36
2.713 8.992
2.714 4.49
2.715 2.725
2.716 0.924
2.717 1.864
2.718 5.528
2.719 9.2
2.72 2.0
2.721 5.2
2.722 6.956
2.723 14.154
2.724 15.904
2.725 12.2
2.726 5.142
2.727 6.14
2.728 12.6
2.729 16.341
2.73 14.63
2.731 15.654
2.732 11.22
2.733 12.254
2.734 7.826
2.735 6.135
2.736 1.712
2.737 0.028
2.738 4.39
2.739 0.589
2.74 0.48
2.741 3.927
2.742 2.848
2.743 4.506
2.744 3.416
2.745 2.32
2.746 4.274
2.747 2.637
2.748 3.752
2.749 0.625
2.75 0.5
2.751 6.622
2.752 0.016
2.753 6.664
2.754 0.448
2.755 0.705
2.756 0.892
2.757 0.272
2.758 12.474
2.759 8.136
2.76 3.8
2.761 4.988
2.762 6.182
2.763 1.856
2.764 0.296
2.765 1.26
2.766 8.252
2.767 6.708
2.768 2.4
2.769 1.906
2.77 2.1
2.771 2.199
2.772 3.724
2.773 5.245
2.774 1.56
2.775 5.6
2.776 9.648
2.777 8.15
2.778 3.878
2.779 5.166
2.78 3.68
2.781 2.198
2.782 4.844
2.783 9.103
2.784 5.008
2.785 0.905
2.786 0.42
2.787 3.823
2.788 2.488
2.789 3.936
2.79 0.2
2.791 4.344
2.792 5.704
2.793 7.07
2.794 5.648
2.795 4.23
2.796 2.816
2.797 1.406
2.798 2.798
2.799 1.397
2.8 2.8
2.801 4.194
2.802 8.386
2.803 12.576
2.804 19.568
2.805 15.34
2.806 5.492
2.807 9.667
2.808 0.2
2.809 1.157
2.81 0.3
2.811 1.763
2.812 3.232
2.813 1.894
2.814 3.374
2.815 2.045
2.816 3.536
2.817 5.033
2.818 1.918
2.819 6.05
2.82 1.72
2.821 2.618
2.822 1.502
2.823 2.849
2.824 1.56
2.825 5.925
2.826 4.646
2.827 23.16
2.828 24.724
2.829 26.294
2.83 25.04
2.831 18.128
2.832 19.712
2.833 12.803
2.834 8.728
2.835 4.655
2.836 2.252
2.837 0.648
2.838 7.552
2.839 0.261
2.84 1.36
2.841 2.695
2.842 3.906
2.843 6.259
2.844 5.06
2.845 6.71
2.846 0.172
2.847 1.487
2.848 6.0
2.849 0.875
2.85 3.65
2.851 2.481
2.852 4.388
2.853 5.551
2.854 3.856
2.855 2.155
2.856 0.448
2.857 7.306
2.858 5.59
2.859 1.85
2.86 2.14
2.861 2.455
2.862 4.196
2.863 5.943
2.864 4.832
2.865 0.86
2.866 0.244
2.867 7.078
2.868 2.44
2.869 5.075
2.87 6.86
2.871 5.78
2.872 7.576
2.873 9.378
2.874 5.438
2.875 1.375
2.876 5.312
2.877 3.493
2.878 1.668
2.879 0.163
2.88 6.64
2.881 7.681
2.882 11.6
2.883 18.4
2.884 25.2
2.885 29.115
2.886 30.142
2.887 19.617
2.888 11.968
2.889 4.309
2.89 2.42
2.891 0.525
2.892 1.376
2.893 9.069
2.894 8.09
2.895 10.01
2.896 20.624
2.897 13.868
2.898 12.908
2.899 9.053
2.9 11.0
2.901 10.052
2.902 3.304
2.903 0.541
2.904 4.328
2.905 6.3
2.906 5.372
2.907 1.541
2.908 3.528
2.909 0.297
2.91 1.7
2.911 0.792
2.912 8.624
2.913 13.553
2.914 9.748
2.915 8.86
2.916 5.06
2.917 1.262
2.918 2.534
2.919 6.328
2.92 13.04
2.921 16.831
2.922 14.776
2.923 12.715
2.924 13.572
2.925 5.65
2.926 3.57
2.927 4.411
2.928 8.176
2.929 11.939
2.93 3.98
2.931 4.804
2.932 3.172
2.933 2.359
2.934 4.318
2.935 2.19
2.936 0.056
2.937 2.084
2.938 1.292
2.939 3.443
2.94 0.28
2.941 1.881
2.942 1.836
2.943 5.551
2.944 3.376
2.945 4.14
2.946 7.846
2.947 11.55
2.948 6.408
2.949 1.258
2.95 0.95
2.951 3.164
2.952 0.52
2.953 1.704
2.954 4.928
2.955 8.605
2.956 6.368
2.957 4.125
2.958 4.04
2.959 2.58
2.96 3.28
2.961 1.946
2.962 4.218
2.963 9.459
2.964 8.78
2.965 5.14
2.966 10.4
2.967 3.8
2.968 0.168
2.969 2.476
2.97 1.15
2.971 4.774
2.972 8.396
2.973 6.07
2.974 2.21
2.975 1.575
2.976 2.032
2.977 0.317
2.978 3.284
2.979 0.925
2.98 4.42
2.981 6.792
2.982 3.206
2.983 0.378
2.984 0.976
2.985 7.385
2.986 6.798
2.987 3.228
2.988 2.648
2.989 2.072
2.99 1.49
2.991 5.05
2.992 3.36
2.993 11.78
2.994 11.228
2.995 13.675
2.996 10.136
2.997 24.581
2.998 24.05
2.999 20.524
3.0 14.0
3.001 7.476
3.002 0.952
3.003 5.572
3.004 2.924
3.005 2.415
3.006 1.096
3.007 7.423
3.008 0.912
3.009 6.437
3.01 5.95
3.011 5.467
3.012 1.976
3.013 1.5
3.014 1.028
3.015 0.56
3.016 0.096
3.017 0.364
3.018 2.198
3.019 7.785
3.02 4.32
3.021 0.857
3.022 5.626
3.023 6.063
3.024 3.472
3.025 6.925
3.026 13.402
3.027 13.825
3.028 3.924
3.029 0.486
3.03 0.08
3.031 6.384
3.032 9.816
3.033 10.213
3.034 10.606
3.035 10.995
3.036 14.416
3.037 14.798
3.038 6.062
3.039 2.684
3.04 0.72
3.041 1.081
3.042 7.688
3.043 4.295
3.044 0.904
3.045 3.605
3.046 12.404
3.047 12.072
3.048 8.696
3.049 5.322
3.05 5.0
3.051 4.682
3.052 4.368
3.053 7.111
3.054 12.914
3.055 6.505
3.056 3.152
3.057 3.256
3.058 3.548
3.059 3.836
3.06 10.24
3.061 10.522
3.062 4.676
3.063 8.011
3.064 8.28
3.065 8.545
3.066 2.674
3.067 0.138
3.068 2.956
3.069 3.427
3.07 0.6
3.071 6.98
3.072 10.288
3.073 13.594
3.074 13.824
3.075 17.125
3.076 20.424
3.077 8.336
3.078 11.626
3.079 11.835
3.08 8.96
3.081 12.241
3.082 6.274
3.083 0.299
3.084 0.484
3.085 2.42
3.086 0.842
3.087 2.072
3.088 8.08
3.089 17.185
3.09 10.85
3.091 23.061
3.092 16.732
3.093 16.589
3.094 13.356
3.095 16.315
3.096 16.184
3.097 9.863
3.098 6.64
3.099 3.419
3.1 0.2
3.101 3.017
3.102 6.176
3.103 6.07
3.104 9.072
3.105 15.185
3.106 8.882
3.107 8.793
3.108 5.6
3.109 11.736
3.11 8.55
3.111 2.255
3.112 0.928
3.113 2.117
3.114 1.06
3.115 1.12
3.116 1.176
3.117 1.228
3.118 4.394
3.119 10.677
3.12 10.72
3.121 4.517
3.122 1.694
3.123 1.667
3.124 1.644
3.125 4.625
3.126 1.61
3.127 1.599
3.128 4.72
3.129 1.589
3.13 17.24
3.131 14.119
3.132 11.0
3.133 14.149
3.134 14.17
3.135 7.925
3.136 7.952
3.137 4.846
3.138 4.88
3.139 1.779
3.14 1.82
3.141 1.865
3.142 5.056
3.143 11.396
3.144 5.168
3.145 5.23
3.146 2.15
3.147 0.928
3.148 4.004
3.149 7.078
3.15 7.0
3.151 3.767
3.152 0.528
3.153 2.717
3.154 2.814
3.155 2.915
3.156 0.136
3.157 3.185
3.158 0.084
3.159 6.118
3.16 6.0
3.161 2.717
3.162 5.752
3.163 0.704
3.164 2.324
3.165 2.185
3.166 2.042
3.167 8.229
3.168 1.744
3.169 4.758
3.17 7.77
3.171 7.609
3.172 13.788
3.173 16.794
3.174 10.276
3.175 0.575
3.176 6.744
3.177 12.913
3.178 19.082
3.179 9.356
3.18 5.98
3.181 0.583
3.182 2.392
3.183 5.365
3.184 4.4
3.185 10.99
3.186 11.216
3.187 17.82
3.188 14.868
3.189 8.729
3.19 12.16
3.191 9.215
3.192 6.272
3.193 3.331
3.194 3.586
3.195 7.04
3.196 0.912
3.197 1.178
3.198 1.448
3.199 4.676
3.2 7.6
3.201 2.282
3.202 2.568
3.203 0.345
3.204 0.052
3.205 6.165
3.206 10.164
3.207 10.472
3.208 4.368
3.209 1.736
3.21 1.79
3.211 5.322
3.212 5.648
3.213 15.617
3.214 15.954
3.215 16.295
3.216 16.64
3.217 16.989
3.218 10.906
3.219 8.042
3.22 5.18
3.221 15.204
3.222 12.35
3.223 12.721
3.224 9.872
3.225 7.025
3.226 0.954
3.227 1.89
3.228 1.724
3.229 2.115
3.23 0.72
3.231 6.784
3.232 6.384
3.233 2.747
3.234 0.896
3.235 1.925
3.236 1.508
3.237 1.087
3.238 3.9
3.239 6.711
3.24 0.2
3.241 2.604
3.242 2.164
3.243 1.523
3.244 5.216
3.245 5.67
3.246 6.128
3.247 0.096
3.248 2.688
3.249 5.47
3.25 8.25
3.251 11.028
3.252 13.804
3.253 10.072
3.254 12.842
3.255 15.61
3.256 15.12
3.257 17.883
3.258 14.128
3.259 13.626
3.26 6.6
3.261 6.088
3.262 0.952
3.263 1.789
3.264 1.264
3.265 2.53
3.266 3.064
3.267 0.335
3.268 0.876
3.269 1.848
3.27 1.3
3.271 4.019
3.272 3.464
3.273 3.641
3.274 4.206
3.275 1.775
3.276 1.204
3.277 0.629
3.278 3.328
3.279 2.746
3.28 8.72
3.281 4.851
3.282 7.54
3.283 6.944
3.284 6.344
3.285 5.74
3.286 8.418
3.287 7.807
3.288 0.616
3.289 3.284
3.29 0.63
3.291 1.259
3.292 1.892
3.293 0.764
3.294 3.418
3.295 3.815
3.296 11.056
3.297 8.414
3.298 9.072
3.299 13.033
3.3 10.4
3.301 11.07
3.302 11.744
3.303 12.422
3.304 13.104
3.305 17.095
3.306 11.174
3.307 11.867
3.308 12.564
3.309 13.265
3.31 13.97
3.311 8.057
3.312 5.456
3.313 0.456
3.314 3.054
3.315 2.335
3.316 1.704
3.317 2.432
3.318 16.436
3.319 13.857
3.32 17.92
3.321 25.31
3.322 19.42
3.323 13.53
3.324 7.64
3.325 5.075
3.326 0.814
3.327 0.049
3.328 2.608
3.329 1.836
3.33 4.39
3.331 10.273
3.332 12.824
3.333 15.373
3.334 5.418
3.335 0.455
3.336 2.992
3.337 2.19
3.338 4.722
3.339 10.591
3.34 9.78
3.341 5.624
3.342 4.804
3.343 7.323
3.344 9.84
3.345 2.32
3.346 4.83
3.347 0.644
3.348 6.896
3.349 17.793
3.35 18.65
3.351 22.862
3.352 20.376
3.353 17.892
3.354 15.41
3.355 12.93
3.356 10.452
3.357 11.333
3.358 12.218
3.359 9.748
3.36 3.92
3.361 1.908
3.362 4.374
3.363 3.475
3.364 5.936
3.365 8.395
3.366 7.486
3.367 6.573
3.368 12.392
3.369 14.842
3.37 7.18
3.371 12.994
3.372 12.064
3.373 7.757
3.374 6.818
3.375 5.875
3.376 1.552
3.377 0.6
3.378 0.356
3.379 4.695
3.38 1.1
3.381 0.133
3.382 2.544
3.383 8.336
3.384 14.128
3.385 16.535
3.386 15.554
3.387 17.956
3.388 16.968
3.389 12.587
3.39 11.59
3.391 13.98
3.392 9.584
3.393 15.361
3.394 10.956
3.395 16.73
3.396 5.524
3.397 2.295
3.398 3.326
3.399 7.76
3.4 8.8
3.401 6.443
3.402 7.49
3.403 8.541
3.404 6.192
3.405 10.655
3.406 15.124
3.407 16.192
3.408 10.448
3.409 14.931
3.41 16.01
3.411 13.682
3.412 14.768
3.413 19.271
3.414 20.366
3.415 14.635
3.416 8.904
3.417 6.59
3.418 4.278
3.419 15.644
3.42 16.76
3.421 17.88
3.422 15.582
3.423 13.286
3.424 7.568
3.425 1.85
3.426 0.442
3.427 0.695
3.428 5.02
3.429 0.448
3.43 2.73
3.431 5.01
3.432 7.288
3.433 6.131
3.434 8.404
3.435 7.24
3.436 12.944
3.437 1.463
3.438 0.286
3.439 2.544
3.44 4.8
3.441 6.71
3.442 7.904
3.443 5.659
3.444 6.86
3.445 8.065
3.446 23.058
3.447 17.381
3.448 11.704
3.449 6.027
3.45 7.25
3.451 8.477
3.452 13.16
3.453 10.943
3.454 8.728
3.455 6.515
3.456 4.304
3.457 9.009
3.458 3.346
3.459 2.317
3.46 4.52
3.461 3.662
3.462 1.466
3.463 0.728
3.464 4.008
3.465 5.285
3.466 3.1
3.467 7.851
3.468 12.608
3.469 10.433
3.47 18.67
3.471 19.973
3.472 17.808
3.473 15.645
3.474 16.958
3.475 14.8
3.476 9.168
3.477 3.536
3.478 2.096
3.479 7.728
3.48 9.88
3.481 12.03
3.482 14.178
3.483 12.841
3.484 14.984
3.485 13.64
3.486 19.264
3.487 21.401
3.488 16.56
3.489 18.691
3.49 17.33
3.491 19.456
3.492 18.088
3.493 13.223
3.494 15.34
3.495 17.455
3.496 12.576
3.497 7.691
3.498 2.8
3.499 2.097
3.5 3.5
3.501 9.097
3.502 14.694
3.503 6.279
3.504 1.36
3.505 3.565
3.506 1.484
3.507 0.595
3.508 2.672
3.509 1.238
3.51 6.82
3.511 5.38
3.512 10.96
3.513 2.488
3.514 4.55
3.515 6.61
3.516 1.636
3.517 3.69
3.518 2.224
3.519 7.792
3.52 9.84
3.521 8.365
3.522 10.408
3.523 8.926
3.524 10.964
3.525 9.475
3.526 4.456
3.527 6.485
3.528 8.512
3.529 10.537
3.53 1.97
3.531 0.457
3.532 4.592
3.533 0.952
3.534 2.962
3.535 4.97
3.536 3.44
3.537 1.631
3.538 3.906
3.539 1.174
3.54 9.8
3.541 7.811
3.542 2.282
3.543 3.247
3.544 8.776
3.545 7.215
3.546 2.104
3.547 4.081
3.548 8.136
3.549 20.363
3.55 14.85
3.551 12.888
3.552 10.928
3.553 5.417
3.554 7.014
3.555 1.505
3.556 3.108
3.557 2.399
3.558 4.348
3.559 9.854
3.56 8.24
3.561 6.622
3.562 1.438
3.563 10.878
3.564 12.512
3.565 7.02
3.566 22.924
3.567 21.005
3.568 15.52
3.569 17.173
3.57 15.26
3.571 9.778
3.572 7.868
3.573 5.96
3.574 0.48
3.575 9.3
3.576 7.4
3.577 5.502
3.578 3.606
3.579 1.867
3.58 7.34
3.581 9.232
3.582 7.54
3.583 9.427
3.584 11.312
3.585 9.61
3.586 7.904
3.587 9.781
3.588 4.48
3.589 2.762
3.59 4.63
3.591 10.087
3.592 4.768
3.593 3.036
3.594 8.488
3.595 3.155
3.596 8.604
3.597 3.262
3.598 5.11
3.599 0.242
3.6 5.2
3.601 7.363
3.602 5.528
3.603 7.298
3.604 19.884
3.605 14.455
3.606 9.026
3.607 3.597
3.608 5.384
3.609 3.566
3.61 1.86
3.611 3.675
3.612 1.876
3.613 7.153
3.614 5.348
3.615 7.16
3.616 1.744
3.617 0.055
3.618 1.766
3.619 3.647
3.62 5.42
3.621 7.253
3.622 5.468
3.623 0.062
3.624 5.344
3.625 10.75
3.626 12.53
3.627 14.308
3.628 16.084
3.629 10.6
3.63 12.37
3.631 10.507
3.632 5.008
3.633 0.497
3.634 1.26
3.635 6.65
3.636 12.04
3.637 2.882
3.638 0.992
3.639 4.541
3.64 2.8
3.641 4.702
3.642 6.608
3.643 4.875
3.644 6.788
3.645 5.06
3.646 0.312
3.647 2.037
3.648 3.76
3.649 5.481
3.65 7.2
3.651 8.917
3.652 10.632
3.653 8.692
3.654 10.402
3.655 12.11
3.656 13.816
3.657 19.177
3.658 13.564
3.659 11.604
3.66 13.3
3.661 7.672
3.662 9.362
3.663 11.05
3.664 5.408
3.665 10.755
3.666 5.894
3.667 0.553
3.668 4.788
3.669 6.46
3.67 4.46
3.671 2.456
3.672 0.448
3.673 5.782
3.674 7.442
3.675 1.75
3.676 7.624
3.677 5.975
3.678 4.328
3.679 2.683
3.68 2.64
3.681 0.601
3.682 5.922
3.683 11.243
3.684 9.196
3.685 14.515
3.686 19.834
3.687 10.405
3.688 12.032
3.689 9.968
3.69 0.52
3.691 2.137
3.692 0.06
3.693 5.714
3.694 11.494
3.695 6.195
3.696 4.592
3.697 2.991
3.698 5.09
3.699 3.494
3.7 5.6
3.701 7.71
3.702 13.526
3.703 15.645
3.704 10.36
3.705 12.485
3.706 7.202
3.707 1.919
3.708 7.76
3.709 6.189
3.71 0.91
3.711 4.369
3.712 5.936
3.713 11.214
3.714 16.492
3.715 10.625
3.716 8.468
3.717 2.59
3.718 4.142
3.719 5.692
3.72 3.92
3.721 2.377
3.722 2.886
3.723 4.426
3.724 5.964
3.725 7.5
3.726 5.308
3.727 10.566
3.728 12.096
3.729 6.166
3.73 7.69
3.731 12.943
3.732 18.196
3.733 15.983
3.734 2.564
3.735 0.34
3.736 5.624
3.737 7.857
3.738 13.832
3.739 12.335
3.74 14.58
3.741 9.347
3.742 11.598
3.743 6.367
3.744 19.856
3.745 18.375
3.746 13.15
3.747 7.925
3.748 6.448
3.749 8.722
3.75 7.25
3.751 2.029
3.752 3.192
3.753 2.846
3.754 5.136
3.755 0.08
3.756 13.484
3.757 8.273
3.758 3.062
3.759 1.61
3.76 3.6
3.761 8.81
3.762 6.496
3.763 7.941
3.764 9.384
3.765 7.06
3.766 12.264
3.767 9.934
3.768 15.136
3.769 5.262
3.77 10.46
3.771 8.116
3.772 5.768
3.773 10.962
3.774 2.714
3.775 2.475
3.776 3.888
3.777 6.032
3.778 8.404
3.779 3.222
3.78 1.82
3.781 4.201
3.782 10.368
3.783 8.975
3.784 3.8
3.785 2.41
3.786 1.022
3.787 3.423
3.788 2.04
3.789 4.448
3.79 0.72
3.791 2.097
3.792 3.472
3.793 1.052
3.794 5.166
3.795 0.005
3.796 2.436
3.797 4.871
3.798 0.286
3.799 1.644
3.8 3.0
3.801 4.354
3.802 5.706
3.803 10.859
3.804 4.6
3.805 2.14
3.806 4.13
3.807 2.792
3.808 2.352
3.809 7.496
3.81 8.83
3.811 6.351
3.812 3.868
3.813 2.432
3.814 8.738
3.815 3.605
3.816 6.104
3.817 0.973
3.818 4.158
3.819 9.289
3.82 6.78
3.821 8.088
3.822 9.394
3.823 6.875
3.824 8.176
3.825 9.475
3.826 10.772
3.827 4.413
3.828 1.876
3.829 3.164
3.83 0.62
3.831 1.928
3.832 4.48
3.833 3.203
3.834 1.928
3.835 3.18
3.836 4.452
3.837 9.626
3.838 12.2
3.839 7.1
3.84 5.84
3.841 0.741
3.842 4.358
3.843 5.915
3.844 4.664
3.845 3.415
3.846 1.678
3.847 6.771
3.848 11.864
3.849 13.108
3.85 6.65
3.851 11.739
3.852 9.124
3.853 2.652
3.854 7.736
3.855 2.6
3.856 1.376
3.857 7.868
3.858 10.508
3.859 9.293
3.86 8.08
3.861 6.869
3.862 5.66
3.863 8.316
3.864 7.112
3.865 13.64
3.866 16.308
3.867 15.113
3.868 10.052
3.869 8.86
3.87 7.67
3.871 6.482
3.872 1.424
3.873 3.634
3.874 2.93
3.875 9.5
3.876 8.324
3.877 3.273
3.878 1.778
3.879 2.95
3.88 8.0
3.881 5.288
3.882 1.31
3.883 4.031
3.884 1.012
3.885 2.17
3.886 8.332
3.887 7.181
3.888 6.032
3.889 12.663
3.89 11.52
3.891 18.161
3.892 24.808
3.893 19.782
3.894 14.756
3.895 9.73
3.896 12.496
3.897 11.369
3.898 10.244
3.899 13.02
3.9 8.0
3.901 10.782
3.902 5.764
3.903 4.649
3.904 0.368
3.905 14.14
3.906 13.034
3.907 8.023
3.908 6.92
3.909 9.728
3.91 8.63
3.911 7.534
3.912 6.44
3.913 1.435
3.914 4.258
3.915 0.745
3.916 2.084
3.917 2.917
3.918 0.082
3.919 5.081
3.92 2.24
3.921 4.526
3.922 3.454
3.923 10.23
3.924 9.164
3.925 8.1
3.926 7.038
3.927 5.978
3.928 0.992
3.929 7.793
3.93 14.6
3.931 13.551
3.932 12.504
3.933 7.526
3.934 2.548
3.935 2.43
3.936 7.408
3.937 0.575
3.938 1.612
3.939 6.586
3.94 3.68
3.941 3.171
3.942 1.798
3.943 2.824
3.944 3.848
3.945 3.02
3.946 5.948
3.947 0.986
3.948 3.92
3.949 2.909
3.95 2.05
3.951 3.058
3.952 0.112
3.953 2.838
3.954 1.838
3.955 0.84
3.956 0.156
3.957 1.15
3.958 2.142
3.959 3.132
3.96 7.76
3.961 10.738
3.962 13.72
3.963 8.78
3.964 7.804
3.965 10.795
3.966 5.858
3.967 16.789
3.968 19.792
3.969 26.768
3.97 25.81
3.971 20.883
3.972 15.956
3.973 11.029
3.974 6.102
3.975 5.15
3.976 4.2
3.977 3.252
3.978 1.672
3.979 2.617
3.98 3.56
3.981 3.461
3.982 1.458
3.983 2.394
3.984 8.624
3.985 11.68
3.986 10.754
3.987 5.843
3.988 0.932
3.989 0.01
3.99 3.08
3.991 1.828
3.992 1.248
3.993 4.328
3.994 0.576
3.995 5.48
3.996 10.384
3.997 15.288
3.998 20.192
3.999 25.096
4.0 30.0
